lo = 1.575e9;
tcxo = 5e6;
R =1;
N = lo*R/tcxo;
lofreq=N*tcxo/R;

data = [-0.5 
10.5 
22.7 
31.5 
41.0 
50.7 
61.0 
63.5 ]';

val = ['00000'
'00011'
'00111'
'01010'
'01110'
'10001'
'10101'
'10111'];